1 0.213125 0.56 0.155 0.10125
1 0.829375 0.455625 0.11625 0.06375
1 0.508125 0.4225 0.1375 0.05125
1 0.355625 0.406875 0.1075 0.07125
1 0.860625 0.401875 0.1 0.04625
1 0.965625 0.401875 0.06875 0.04875
1 0.005 0.315 0.01 0.0125
1 0.011875 0.3775 0.02375 0.05
1 0.010625 0.36875 0.02125 0.0325
1 0.00875 0.3625 0.0175 0.03
1 0.00625 0.35625 0.0125 0.0175
1 0.193125 0.351875 0.05 0.025
1 0.233125 0.345625 0.02625 0.0375
1 0.083125 0.343125 0.0375 0.03625
1 0.8725 0.363125 0.09125 0.04125
1 0.786875 0.365 0.055 0.0375
4 0.0625 0.414375 0.06125 0.07875