3 0.400625 0.459375 0.02 0.04625
3 0.541875 0.354375 0.005 0.02625
3 0.533125 0.344375 0.00875 0.0225
3 0.74625 0.470625 0.01875 0.04875
3 0.784375 0.473125 0.0175 0.04875
3 0.86375 0.64625 0.03125 0.06875
3 0.7475 0.60375 0.01875 0.065
3 0.356875 0.353125 0.01 0.035
3 0.34 0.354375 0.00875 0.02875
3 0.313125 0.354375 0.02125 0.03875
3 0.348125 0.355625 0.00875 0.0325
3 0.315 0.4625 0.01375 0.035
0 0.415625 0.416875 0.01875 0.03125
0 0.37125 0.539375 0.02875 0.05125
0 0.546875 0.479375 0.0225 0.04875
0 0.3775 0.38 0.01375 0.0325
0 0.498125 0.335625 0.015 0.03
2 0.154375 0.468125 0.04125 0.04375
2 0.151875 0.52 0.03125 0.05125
2 0.446875 0.57125 0.035 0.06125
1 0.4625 0.393125 0.04125 0.03
1 0.461875 0.499375 0.07875 0.065
1 0.269375 0.531875 0.1575 0.055
1 0.203125 0.566875 0.12375 0.0675
1 0.355 0.60375 0.11875 0.08875
1 0.529375 0.599375 0.09875 0.06875
1 0.511875 0.5475 0.155 0.06625
1 0.19625 0.69 0.1925 0.07
1 0.705 0.501875 0.13125 0.05375
1 0.82625 0.51375 0.10125 0.055
1 0.7475 0.446875 0.1225 0.045
1 0.65375 0.429375 0.095 0.03875
1 0.8625 0.476875 0.07625 0.07
1 0.309375 0.39 0.0775 0.0325
1 0.45875 0.33 0.02375 0.02125
1 0.39375 0.364375 0.0325 0.035
1 0.409375 0.324375 0.03 0.02125
1 0.6525 0.393125 0.06875 0.03
1 0.631875 0.363125 0.0475 0.02375
1 0.29375 0.451875 0.065 0.035