1 0.988125 0.256875 0.01875 0.01625
1 0.946875 0.279375 0.0225 0.01625
1 0.899375 0.3075 0.025 0.0175
1 0.83375 0.348125 0.03125 0.02125
1 0.758125 0.386875 0.04625 0.03125
1 0.95 0.26125 0.01625 0.0125
1 0.965625 0.254375 0.015 0.0125
1 0.6425 0.456875 0.05125 0.035
1 0.69125 0.47125 0.0525 0.03375
1 0.434375 0.585 0.08875 0.0625
1 0.4075 0.46625 0.08375 0.03875
1 0.288125 0.536875 0.06 0.045
1 0.29 0.48875 0.08375 0.03375
1 0.2975 0.47125 0.07875 0.03375
1 0.158125 0.478125 0.09375 0.035
1 0.095 0.765625 0.1775 0.06875