1 0.426875 0.4475 0.08625 0.055
1 0.55125 0.43875 0.05125 0.03
1 0.470625 0.445 0.06125 0.04125
1 0.508125 0.44125 0.05875 0.03625
1 0.633125 0.424375 0.06 0.02625
1 0.7 0.415 0.0675 0.02375
1 0.734375 0.410625 0.06 0.02375
1 0.8175 0.406875 0.045 0.0275
1 0.88125 0.41875 0.04625 0.02375
1 0.918125 0.421875 0.05 0.03125
3 0.11 0.475625 0.0175 0.035
3 0.093125 0.484375 0.0175 0.02625
3 0.61375 0.463125 0.01375 0.035
3 0.55125 0.469375 0.01625 0.035
3 0.6425 0.46 0.01375 0.04
3 0.671875 0.466875 0.01375 0.03625
3 0.63 0.46125 0.01625 0.03625