4 0.915625 0.45875 0.16875 0.105
1 0.985 0.49375 0.03 0.05
1 0.8175 0.40875 0.04375 0.0275
1 0.73375 0.41125 0.06875 0.02625
1 0.6325 0.42375 0.05875 0.0275
1 0.553125 0.44125 0.04625 0.0275
1 0.656875 0.679375 0.16125 0.10375
1 0.9825 0.5275 0.035 0.055
1 0.9725 0.5575 0.055 0.06
1 0.410625 0.530625 0.13 0.0625
1 0.426875 0.448125 0.085 0.05875
1 0.509375 0.443125 0.06 0.04875
1 0.146875 0.463125 0.065 0.05
1 0.054375 0.429375 0.0425 0.035
1 0.0125 0.4 0.025 0.0275
3 0.00375 0.498125 0.0075 0.04625
3 0.995625 0.6225 0.00875 0.055
3 0.994375 0.620625 0.01125 0.05125
3 0.99125 0.7075 0.0175 0.0675
1 0.955 0.835 0.09 0.125
3 0.995625 0.551875 0.00875 0.04375
3 0.99625 0.55375 0.0075 0.04