1 0.1825 0.40875 0.04375 0.0275
1 0.26625 0.41125 0.06875 0.02625
1 0.3675 0.42375 0.05875 0.0275
1 0.446875 0.44125 0.04625 0.0275
1 0.079375 0.421875 0.0525 0.03625
1 0.0225 0.54875 0.045 0.06
1 0.573125 0.448125 0.085 0.05875
1 0.490625 0.443125 0.06 0.04875
1 0.885 0.444375 0.05125 0.04
3 0.64125 0.445625 0.0175 0.03875
3 0.485625 0.404375 0.01125 0.02875
3 0.005625 0.78875 0.01125 0.0525
1 0.0525 0.861875 0.105 0.16125
3 0.005 0.793125 0.01 0.06125
1 0.116875 0.419375 0.04875 0.02875
1 0.006875 0.42375 0.01375 0.0275
3 0.66125 0.445 0.01125 0.035
2 0.440625 0.4875 0.02125 0.04375
2 0.395625 0.49125 0.02125 0.045
1 0.125 0.486875 0.085 0.035
3 0.468125 0.41625 0.0125 0.02625
3 0.444375 0.414375 0.01875 0.0275