1 0.426875 0.4475 0.08625 0.055
1 0.55125 0.43875 0.05125 0.03
1 0.470625 0.445 0.06125 0.04125
1 0.508125 0.44125 0.05875 0.03625
1 0.633125 0.424375 0.06 0.02625
1 0.7 0.415 0.0675 0.02375
1 0.734375 0.410625 0.06 0.02375
1 0.8175 0.406875 0.045 0.0275
1 0.88125 0.41875 0.04625 0.02375
1 0.918125 0.421875 0.05 0.03125
1 0.989375 0.484375 0.02125 0.03125
1 0.994375 0.388125 0.01125 0.01625
1 0.358125 0.513125 0.0975 0.0475
1 0.164375 0.47 0.06625 0.04625
1 0.465 0.831875 0.25125 0.12
3 0.745625 0.416875 0.00875 0.02875
3 0.79 0.41625 0.00875 0.02625