1 0.27171875 0.7698333333333333 0.1732083333333333 0.22172222222222226
1 0.45027083333333334 0.8210185185185186 0.16256249999999994 0.22074074074074082
1 0.5033854166666667 0.4662592592592592 0.07873958333333331 0.10342592592592592
1 0.6034270833333333 0.3460185185185185 0.047458333333333276 0.07759259259259255
4 0.6657395833333334 0.7082407407407407 0.26372916666666674 0.5715185185185185
4 0.4578333333333333 0.3678888888888889 0.11283333333333327 0.1471666666666666
3 0.21918749999999998 0.5010555555555556 0.02678124999999998 0.11340740740740743
3 0.3964479166666666 0.42900000000000005 0.02570833333333328 0.11787037037037038
3 0.32946875000000003 0.43374074074074076 0.021531249999999957 0.10429629629629629
0 0.44464583333333335 0.5795925925925927 0.041458333333333285 0.15785185185185188
1 0.7590729166666667 0.37492592592592594 0.049770833333333306 0.08653703703703707