0 0.1371666666666667 0.4199074074074074 0.05515624999999999 0.16129629629629633
0 0.33714583333333337 0.3763888888888889 0.042624999999999955 0.15201851851851858
0 0.8704375 0.5347222222222222 0.05328125000000009 0.1720555555555555
0 0.6985833333333333 0.43933333333333335 0.044927083333333444 0.1591111111111111
0 0.76003125 0.34764814814814815 0.028270833333333436 0.11283333333333334
1 0.7641979166666667 0.5819444444444445 0.12617708333333322 0.2183333333333333
1 0.66525 0.23838888888888887 0.044916666666666556 0.0684074074074074
1 0.7136770833333334 0.3393333333333334 0.0644374999999999 0.10755555555555553
1 0.8225208333333334 0.39675925925925926 0.06754166666666658 0.11868518518518524
4 0.8527291666666666 0.23377777777777778 0.09254166666666658 0.2816296296296297
4 0.34754166666666664 0.6949814814814815 0.6696562500000002 0.559574074074074