4 0.9875 0.395 0.025 0.065
1 0.985 0.50125 0.03 0.05
1 0.8175 0.40875 0.04375 0.0275
1 0.73375 0.41125 0.06875 0.02625
1 0.6325 0.42375 0.05875 0.0275
1 0.553125 0.44125 0.04625 0.0275
1 0.920625 0.421875 0.0525 0.03625
1 0.9825 0.5275 0.035 0.055
1 0.9725 0.5575 0.055 0.06
1 0.2 0.485625 0.07125 0.0475
1 0.426875 0.448125 0.085 0.05875
1 0.509375 0.443125 0.06 0.04875
1 0.106875 0.44125 0.05125 0.04
3 0.00375 0.498125 0.0075 0.04625
3 0.995 0.8175 0.01 0.0675
3 0.994375 0.695 0.01125 0.0675
3 0.995625 0.691875 0.00875 0.06625
1 0.570625 0.656875 0.13125 0.095
3 0.995625 0.57375 0.00875 0.045
3 0.99625 0.56875 0.0075 0.04
1 0.988125 0.443125 0.02375 0.02875
1 0.9925 0.45125 0.015 0.04