4 0.6730520833333333 0.6644074074074073 0.24567708333333324 0.5651296296296298
0 0.36943750000000003 0.6884629629629629 0.053041666666666626 0.2132222222222222
0 0.33870833333333333 0.4699074074074074 0.03533333333333329 0.11314814814814819
0 0.26476041666666666 0.8347777777777777 0.07076041666666667 0.25401851851851864
3 0.24525 0.39875925925925926 0.024458333333333353 0.08629629629629634
1 0.12954166666666667 0.6609074074074074 0.15590625 0.20005555555555551
1 0.23075 0.5200370370370371 0.09541666666666664 0.11735185185185186
1 0.14228125 0.5058148148148148 0.09542708333333334 0.1102592592592592
1 0.45191666666666663 0.5302592592592592 0.09090624999999998 0.13070370370370377
1 0.5048958333333332 0.6639814814814815 0.10389583333333334 0.1705370370370371
1 0.3844583333333333 0.3769814814814815 0.05395833333333329 0.08185185185185183
1 0.5281458333333333 0.31077777777777776 0.041437499999999974 0.05961111111111111
1 0.4371875 0.4000925925925926 0.05744791666666664 0.08700000000000004
1 0.5828749999999999 0.3512222222222222 0.06091666666666669 0.09607407407407406
1 0.67159375 0.31477777777777777 0.04043749999999993 0.0640555555555555
1 0.5731458333333334 0.2641296296296296 0.03445833333333326 0.05161111111111112
1 0.7590625000000001 0.3320925925925926 0.04151041666666657 0.07288888888888892