4 0.698125 0.64625 0.1775 0.145
1 0.5075 0.489375 0.105 0.0375
1 0.69 0.494375 0.06625 0.03375
1 0.8175 0.475625 0.08 0.03
1 0.920625 0.45375 0.07375 0.0275
1 0.984375 0.446875 0.03125 0.03125
1 0.793125 0.465 0.0675 0.03625
1 0.118125 0.36875 0.04 0.03375
1 0.055 0.34125 0.0275 0.0275
1 0.21375 0.571875 0.15375 0.0575
1 0.94875 0.739375 0.1025 0.12125
1 0.90125 0.758125 0.1975 0.08375
1 0.48375 0.779375 0.0975 0.04125
1 0.22125 0.456875 0.04375 0.04
1 0.050625 0.260625 0.0175 0.0125
1 0.035 0.255 0.015 0.01125
1 0.02375 0.24875 0.015 0.01125
1 0.013125 0.243125 0.015 0.01125
1 0.003125 0.2375 0.00625 0.0125