0 0.09707291666666666 0.7486296296296296 0.17502083333333332 0.29607407407407405
0 0.4256770833333333 0.5652962962962963 0.11552083333333331 0.2557962962962963
0 0.7610729166666667 0.5217777777777778 0.06755208333333323 0.2242962962962963
1 0.14444791666666665 0.581037037037037 0.27180208333333333 0.23542592592592593
1 0.0720625 0.3254444444444445 0.07912499999999997 0.14274074074074072
1 0.5525104166666667 0.532074074074074 0.1614895833333333 0.22618518518518516
1 0.3933125 0.41022222222222227 0.10680208333333331 0.164074074074074
1 0.5043124999999999 0.35924074074074075 0.09844791666666666 0.13811111111111107
1 0.6072291666666667 0.22583333333333333 0.12396874999999999 0.09551851851851854
1 0.45636458333333335 0.21009259259259264 0.06927083333333334 0.08809259259259261
1 0.34328125000000004 0.20962962962962964 0.06197916666666667 0.10200000000000002