1 0.26058333333333333 0.794037037037037 0.17283333333333334 0.23177777777777772
1 0.70846875 0.6940185185185185 0.1144374999999999 0.2243518518518518
1 0.5845208333333333 0.5365925925925926 0.08945833333333321 0.1205740740740741
1 0.4730729166666666 0.8384814814814814 0.1707187500000001 0.25031481481481493
1 0.35381250000000003 0.6662407407407407 0.09679166666666662 0.17248148148148146
1 0.47568750000000004 0.524537037037037 0.09280208333333337 0.1220555555555555
1 0.7339895833333333 0.4837777777777778 0.07589583333333323 0.1294629629629629
1 0.3423541666666667 0.4930555555555556 0.08220833333333329 0.11835185185185179
1 0.28558333333333336 0.46525925925925926 0.07492708333333328 0.1220555555555555
1 0.4084895833333333 0.4208148148148148 0.06657291666666663 0.09985185185185189
1 0.49963541666666667 0.3411851851851852 0.04885416666666664 0.06653703703703705
1 0.5386979166666667 0.3152407407407407 0.04385416666666657 0.07024074074074076
4 0.20173958333333333 0.4180185185185185 0.20305208333333333 0.2683888888888889
4 0.6746145833333334 0.33375925925925926 0.09672916666666656 0.2147037037037037
4 0.6532604166666667 0.27081481481481484 0.06444791666666655 0.189037037037037
4 0.49234374999999997 0.25322222222222224 0.06760416666666665 0.10938888888888888
3 0.5277604166666666 0.42916666666666664 0.02176041666666677 0.11314814814814819
3 0.587125 0.41898148148148145 0.023833333333333446 0.10018518518518522
0 0.42255208333333333 0.6893888888888888 0.05303124999999997 0.1854444444444444