3 0.9199166666666667 0.7264444444444444 0.03315624999999992 0.22990740740740737
3 0.9496041666666667 0.7365925925925926 0.04080208333333341 0.22755555555555554
0 0.8043020833333333 0.46340740740740743 0.04182291666666676 0.13688888888888887
4 0.4178645833333333 0.7079444444444445 0.27696875000000004 0.5188333333333333
1 0.58453125 0.6013888888888889 0.0792812499999999 0.1757407407407407
1 0.6110833333333333 0.4597037037037037 0.0761562499999999 0.14059259259259257
1 0.7329479166666667 0.3041296296296296 0.04284375000000011 0.08137037037037037
1 0.6501458333333333 0.3726666666666667 0.050124999999999885 0.08875925925925927
1 0.568375 0.3772962962962963 0.05716666666666678 0.08350000000000006
1 0.21476041666666665 0.8171851851851851 0.14367708333333334 0.24475925925925918
1 0.11268750000000001 0.6041666666666666 0.12494791666666666 0.19240740740740736
1 0.3079791666666667 0.44951851851851854 0.08220833333333329 0.1165185185185185
1 0.5074479166666667 0.34303703703703703 0.04780208333333332 0.07764814814814816
1 0.6850416666666667 0.29024074074074074 0.03659375000000011 0.0647037037037037
1 0.6188958333333333 0.3097037037037037 0.03945833333333345 0.06681481481481479
1 0.56265625 0.29116666666666663 0.041781249999999895 0.06655555555555555