0 0.6527499999999999 0.5282222222222223 0.051166666666666555 0.19612962962962957
0 0.47203124999999996 0.27635185185185185 0.03134375000000003 0.10359259259259258
0 0.5334895833333333 0.7236296296296296 0.0667708333333333 0.29053703703703704
0 0.81628125 0.4485925925925926 0.04286458333333343 0.15540740740740738
1 0.28350000000000003 0.40692592592592597 0.11866666666666666 0.14244444444444443
1 0.5397291666666667 0.2893148148148148 0.07071875000000004 0.09618518518518518
1 0.6313958333333333 0.2457962962962963 0.05194791666666655 0.0647037037037037
1 0.45119791666666664 0.5763888888888888 0.1498958333333333 0.2035185185185185
1 0.5636979166666667 0.5078518518518519 0.1230208333333333 0.19242592592592586
1 0.7366041666666666 0.4976666666666667 0.10846874999999988 0.16835185185185178
1 0.7136875 0.34857407407407404 0.07305208333333321 0.1109814814814815
1 0.66159375 0.3939814814814815 0.08528125000000013 0.10942592592592598
1 0.6954479166666666 0.20042592592592592 0.03423958333333322 0.05175925925925924
1 0.73971875 0.20320370370370372 0.03735416666666656 0.046203703703703684
1 0.649625 0.2069074074074074 0.03423958333333322 0.04640740740740741