1 0.1825 0.40875 0.04375 0.0275
1 0.26625 0.41125 0.06875 0.02625
1 0.3675 0.42375 0.05875 0.0275
1 0.446875 0.44125 0.04625 0.0275
1 0.079375 0.421875 0.0525 0.03625
1 0.573125 0.448125 0.085 0.05875
1 0.490625 0.443125 0.06 0.04875
1 0.885 0.444375 0.05125 0.04
1 0.116875 0.419375 0.04875 0.02875
2 0.330625 0.536875 0.03 0.05625
2 0.29125 0.54875 0.045 0.05625
0 0.0825 0.560625 0.03375 0.04875
0 0.04 0.561875 0.03125 0.0575
3 0.76 0.443125 0.01125 0.0325
3 0.6875 0.444375 0.01125 0.02875
3 0.6775 0.445 0.01125 0.03
3 0.2425 0.551875 0.02125 0.045
1 0.398125 0.43125 0.06875 0.03625