0 0.48463541666666665 0.30533333333333335 0.03046875 0.11222222222222226
0 0.5391666666666667 0.2618333333333333 0.023333333333333428 0.09137037037037044
3 0.38375 0.27068518518518514 0.021437500000000043 0.0940925925925926
1 0.14071875 0.4352592592592592 0.13409374999999996 0.15461111111111112
1 0.6148645833333333 0.7555555555555555 0.1716666666666666 0.2733703703703704
1 0.7967604166666666 0.6911111111111111 0.14759375000000005 0.2330185185185186
1 0.7009270833333333 0.5763148148148147 0.12377083333333326 0.16157407407407406
1 0.4812916666666666 0.574962962962963 0.15596875000000002 0.21064814814814814
1 0.6371041666666667 0.4080185185185186 0.10114583333333324 0.13568518518518516
1 0.61965625 0.25501851851851853 0.05321874999999991 0.0750185185185185
1 0.6878854166666667 0.22844444444444445 0.042499999999999954 0.0613888888888889
1 0.8101666666666667 0.4018888888888889 0.0800624999999999 0.11661111111111105
1 0.713 0.34498148148148144 0.06819791666666669 0.10229629629629632
1 0.7701145833333333 0.28840740740740745 0.06206249999999992 0.10090740740740742
1 0.7616770833333334 0.4737592592592592 0.09425000000000001 0.13772222222222222
4 0.6313541666666667 0.1793888888888889 0.0957916666666667 0.1608888888888889