1 0.573125 0.4475 0.08625 0.055
1 0.44875 0.43875 0.05125 0.03
1 0.529375 0.445 0.06125 0.04125
1 0.491875 0.44125 0.05875 0.03625
1 0.3675 0.424375 0.06 0.02625
1 0.3 0.415 0.0675 0.02375
1 0.265625 0.410625 0.06 0.02375
1 0.1825 0.406875 0.045 0.0275
1 0.11875 0.41875 0.04625 0.02375
1 0.081875 0.421875 0.05 0.03125
3 0.89 0.475625 0.0175 0.035
3 0.906875 0.484375 0.0175 0.02625
3 0.38625 0.463125 0.01375 0.035
3 0.44875 0.469375 0.01625 0.035
3 0.3575 0.46 0.01375 0.04
3 0.328125 0.466875 0.01375 0.03625
3 0.37 0.46125 0.01625 0.03625