1 0.089375 0.43375 0.04375 0.03
1 0.426875 0.4475 0.08625 0.055
1 0.55125 0.43875 0.05125 0.03
1 0.470625 0.445 0.06125 0.04125
1 0.508125 0.44125 0.05875 0.03625
1 0.633125 0.424375 0.06 0.02625
1 0.7 0.415 0.0675 0.02375
1 0.734375 0.410625 0.06 0.02375
1 0.8175 0.406875 0.045 0.0275
1 0.88125 0.41875 0.04625 0.02375
1 0.918125 0.421875 0.05 0.03125
3 0.6275 0.4425 0.0125 0.02875
3 0.593125 0.440625 0.01625 0.02875
3 0.645625 0.4425 0.0125 0.035
3 0.669375 0.454375 0.01125 0.03125
3 0.635 0.445625 0.00875 0.025
3 0.68125 0.439375 0.01125 0.03875