1 0.571875 0.445625 0.08625 0.055
1 0.36875 0.423125 0.05875 0.03
1 0.01625 0.539375 0.0325 0.04875
1 0.260625 0.61625 0.13125 0.06875
1 0.303125 0.414375 0.06125 0.03625
1 0.12375 0.54 0.09375 0.065
1 0.17125 0.434375 0.075 0.0275
1 0.00875 0.430625 0.0175 0.02625
1 0.005 0.393125 0.01 0.02125
1 0.0075 0.375625 0.015 0.01375
1 0.08 0.424375 0.05375 0.03125
1 0.1175 0.416875 0.0475 0.0275
1 0.183125 0.405625 0.04875 0.02875
1 0.260625 0.411875 0.05875 0.02625
1 0.446875 0.44125 0.045 0.02875
1 0.490625 0.440625 0.06 0.04
1 0.52625 0.445 0.05625 0.045