1 0.571875 0.445625 0.08625 0.055
1 0.36625 0.423125 0.06125 0.03
4 0.28875 0.556875 0.32375 0.16
1 0.08 0.424375 0.05375 0.03125
1 0.1175 0.416875 0.0475 0.0275
1 0.183125 0.405625 0.04875 0.02875
1 0.26625 0.4075 0.06875 0.02625
1 0.446875 0.44125 0.045 0.02875
1 0.490625 0.440625 0.06 0.04
1 0.52625 0.445 0.05625 0.045
1 0.01 0.44875 0.02 0.03
4 0.946875 0.395625 0.10625 0.09375
3 0.483125 0.489375 0.0175 0.03625
1 0.81 0.480625 0.07 0.0475
3 0.99625 0.499375 0.0075 0.04375
3 0.00375 0.513125 0.0075 0.02875
3 0.004375 0.511875 0.00875 0.03125
1 0.00625 0.406875 0.0125 0.02125