1 0.011875 0.256875 0.01875 0.01625
1 0.05375 0.279375 0.0225 0.01625
1 0.100625 0.3075 0.025 0.0175
1 0.16625 0.348125 0.03125 0.02125
1 0.241875 0.386875 0.04625 0.03125
1 0.05 0.26125 0.01625 0.0125
1 0.034375 0.254375 0.015 0.0125
1 0.3575 0.456875 0.05125 0.035
1 0.30875 0.47125 0.0525 0.03375
1 0.565625 0.585 0.08875 0.0625
1 0.5925 0.46625 0.08375 0.03875
1 0.711875 0.536875 0.06 0.045
1 0.71 0.48875 0.08375 0.03375
1 0.7025 0.47125 0.07875 0.03375
1 0.841875 0.478125 0.09375 0.035
1 0.905 0.765625 0.1775 0.06875