3 0.5070208333333334 0.42214814814814816 0.03465624999999998 0.10301851851851851
3 0.37085416666666665 0.45544444444444443 0.030593750000000006 0.11633333333333337
3 0.47671874999999997 0.42335185185185187 0.029895833333333382 0.11511111111111105
3 0.45656250000000004 0.42627777777777776 0.021104166666666656 0.1080925925925926
0 0.6168541666666666 0.47848148148148145 0.03402083333333342 0.12272222222222219
3 0.24942708333333333 0.396 0.014979166666666661 0.08325925925925923
1 0.32171875 0.7192777777777778 0.15716666666666665 0.21564814814814823
1 0.47712499999999997 0.7646296296296295 0.18593749999999995 0.2764814814814814
1 0.6736354166666667 0.795 0.1446875000000001 0.2345555555555555
1 0.5449270833333333 0.6008518518518519 0.12472916666666668 0.175074074074074
1 0.43242708333333335 0.5560555555555555 0.11094791666666666 0.1515925925925926
1 0.6029583333333334 0.30733333333333335 0.05119791666666676 0.09029629629629628
1 0.338625 0.42492592592592593 0.06304166666666665 0.09361111111111113
1 0.43178125 0.3948148148148148 0.06914583333333332 0.10257407407407405
1 0.5189791666666667 0.2663333333333333 0.033822916666666696 0.04296296296296294