0 0.12622916666666667 0.6310185185185185 0.04370833333333333 0.17981481481481484
0 0.09602083333333335 0.5958333333333333 0.04162500000000001 0.14648148148148152
0 0.24028124999999997 0.5458148148148149 0.03639583333333333 0.1205370370370371
0 0.8793541666666667 0.6002962962962963 0.046812500000000055 0.18361111111111106
0 0.6369479166666667 0.6025185185185186 0.04747916666666659 0.18585185185185188
0 0.5912916666666667 0.3600185185185185 0.02872916666666659 0.09011111111111116
0 0.5077812500000001 0.5719259259259258 0.034364583333333344 0.14024074074074078
4 0.354375 0.7709999999999999 0.32776041666666667 0.440537037037037
4 0.45728125000000003 0.47064814814814815 0.1055729166666667 0.18948148148148147
4 0.52375 0.2577777777777778 0.04364583333333331 0.1037222222222222
1 0.66715625 0.35005555555555556 0.049989583333333344 0.07459259259259264
1 0.7236145833333333 0.528962962962963 0.0902395833333332 0.1374444444444445
1 0.7281666666666666 0.3322407407407407 0.05563541666666675 0.07437037037037042
1 0.6380208333333334 0.2836851851851852 0.03360416666666666 0.0551481481481481
1 0.6129791666666667 0.4698703703703703 0.07640624999999991 0.11672222222222228
1 0.5448541666666666 0.3001111111111111 0.041999999999999996 0.057111111111111064
1 0.6062395833333334 0.20718518518518517 0.026510416666666713 0.04037037037037039