1 0.550625 0.459375 0.07 0.04125
1 0.425625 0.65875 0.11625 0.07375
1 0.255 0.508125 0.10875 0.04125
1 0.34875 0.49375 0.08 0.03625
1 0.09375 0.466875 0.0725 0.035
1 0.97875 0.589375 0.0425 0.05875
1 0.6475 0.664375 0.135 0.095
1 0.303125 0.659375 0.13625 0.085
1 0.243125 0.505 0.07875 0.04625
1 0.106875 0.698125 0.1325 0.075
1 0.321875 0.471875 0.08 0.04125
1 0.8775 0.315 0.02375 0.01875
1 0.996875 0.24125 0.00625 0.0125
1 0.94875 0.260625 0.0175 0.01125
1 0.98625 0.243125 0.0175 0.0125
1 0.965 0.255 0.0125 0.01375
1 0.221875 0.4775 0.07875 0.03375
1 0.115625 0.765625 0.1725 0.06875
1 0.8275 0.35 0.02625 0.02125
4 0.685625 0.54875 0.13375 0.0625