1 0.449375 0.459375 0.07 0.04125
1 0.574375 0.65875 0.11625 0.07375
1 0.745 0.508125 0.10875 0.04125
1 0.65125 0.49375 0.08 0.03625
1 0.90625 0.466875 0.0725 0.035
1 0.02125 0.589375 0.0425 0.05875
1 0.3525 0.664375 0.135 0.095
1 0.696875 0.659375 0.13625 0.085
1 0.756875 0.505 0.07875 0.04625
1 0.893125 0.698125 0.1325 0.075
1 0.678125 0.471875 0.08 0.04125
1 0.1225 0.315 0.02375 0.01875
1 0.003125 0.24125 0.00625 0.0125
1 0.05125 0.260625 0.0175 0.01125
1 0.01375 0.243125 0.0175 0.0125
1 0.035 0.255 0.0125 0.01375
1 0.778125 0.4775 0.07875 0.03375
1 0.884375 0.765625 0.1725 0.06875
1 0.1725 0.35 0.02625 0.02125
4 0.314375 0.54875 0.13375 0.0625