1 0.42625 0.44625 0.09 0.05375
1 0.57375 0.53625 0.11125 0.055
1 0.635 0.424375 0.06875 0.0325
1 0.796875 0.5025 0.0825 0.0475
1 0.879375 0.53875 0.09875 0.05375
3 0.775 0.4075 0.0125 0.03
3 0.78875 0.406875 0.00875 0.0275
1 0.471875 0.44625 0.05625 0.04
1 0.51 0.4425 0.06125 0.0325
1 0.553125 0.440625 0.0525 0.02875
1 0.698125 0.415625 0.06125 0.0275
1 0.738125 0.41125 0.05875 0.0275
1 0.82 0.406875 0.045 0.025
1 0.919375 0.42375 0.04875 0.03125
1 0.881875 0.4175 0.0425 0.0225
1 0.985 0.463125 0.03 0.02625
1 0.99 0.434375 0.02 0.02625
1 0.98375 0.53625 0.0325 0.0475
1 0.9575 0.559375 0.085 0.05625