1 0.1825 0.40875 0.04375 0.0275
1 0.26625 0.41125 0.06875 0.02625
1 0.3675 0.42375 0.05875 0.0275
1 0.446875 0.44125 0.04625 0.0275
1 0.079375 0.421875 0.0525 0.03625
1 0.573125 0.448125 0.085 0.05875
1 0.490625 0.443125 0.06 0.04875
1 0.116875 0.419375 0.04875 0.02875
2 0.01625 0.665 0.0325 0.0675
2 0.010625 0.66 0.02125 0.0625
0 0.0825 0.560625 0.03375 0.04875
0 0.04 0.561875 0.03125 0.0575
3 0.790625 0.448125 0.0125 0.03625
3 0.744375 0.448125 0.01875 0.03125
3 0.42375 0.499375 0.02125 0.045
1 0.398125 0.43125 0.06875 0.03625
1 0.52625 0.445625 0.05375 0.04
1 0.693125 0.655625 0.125 0.0775
1 0.3675 0.68 0.15875 0.09