0 0.273125 0.583125 0.03625 0.0575
1 0.294375 0.52375 0.06875 0.065
1 0.459375 0.525 0.06375 0.04625
1 0.229375 0.4575 0.0575 0.04875
1 0.16125 0.414375 0.05375 0.04
1 0.1275 0.38125 0.0425 0.03625
1 0.09125 0.355 0.03125 0.0275
1 0.5275 0.624375 0.10125 0.075
1 0.44125 0.64375 0.08875 0.0775
1 0.644375 0.635 0.1075 0.07
1 0.90125 0.761875 0.17 0.07625
1 0.850625 0.48875 0.1075 0.0475
1 0.461875 0.77625 0.0975 0.0475
1 0.01375 0.638125 0.0275 0.04875
1 0.044375 0.328125 0.02125 0.02
3 0.01875 0.265625 0.00375 0.01125
1 0.050625 0.26125 0.01625 0.01375
1 0.034375 0.255 0.015 0.01
1 0.0125 0.244375 0.015 0.01125
1 0.00375 0.2375 0.0075 0.01