2 0.375 0.658125 0.02 0.0575
2 0.394375 0.6975 0.0325 0.0725
0 0.49875 0.625625 0.03875 0.06125
3 0.111875 0.851875 0.045 0.09
3 0.045625 0.816875 0.045 0.075
3 0.7375 0.69875 0.025 0.08125
3 0.783125 0.7175 0.03 0.07875
3 0.873125 0.7 0.02625 0.07625
3 0.835 0.708125 0.02375 0.075
3 0.8075 0.70625 0.025 0.07375
3 0.60625 0.563125 0.0175 0.04625
3 0.65125 0.5425 0.01875 0.04
3 0.309375 0.611875 0.02 0.0525
3 0.2875 0.60875 0.02375 0.0575
3 0.30875 0.551875 0.0125 0.05
3 0.326875 0.55125 0.02375 0.0475
3 0.414375 0.5125 0.01625 0.04125
3 0.44875 0.508125 0.01125 0.04
3 0.460625 0.513125 0.015 0.04125
3 0.376875 0.46875 0.01 0.02875
3 0.3925 0.458125 0.00875 0.03
3 0.403125 0.45875 0.01375 0.02875
1 0.4975 0.434375 0.0325 0.02375
1 0.620625 0.41125 0.0275 0.01875