1 0.18375 0.681875 0.1625 0.0875
1 0.335625 0.556875 0.11375 0.06375
1 0.214375 0.53 0.155 0.0625
1 0.2125 0.4975 0.15 0.0425
1 0.324375 0.37125 0.06 0.04375
1 0.61625 0.41125 0.08375 0.04375
1 0.420625 0.43875 0.06625 0.06375
1 0.391875 0.50625 0.13625 0.05125
1 0.52625 0.581875 0.0825 0.06875
1 0.525625 0.526875 0.13375 0.05625
1 0.855 0.514375 0.09125 0.04625
1 0.865625 0.454375 0.07 0.0625
1 0.454375 0.41625 0.0375 0.03875
1 0.50625 0.33375 0.0275 0.02375
1 0.546875 0.40125 0.05125 0.0525
1 0.470625 0.31375 0.025 0.0225
1 0.488125 0.303125 0.02875 0.02625
1 0.39625 0.345625 0.02875 0.0325
1 0.75625 0.434375 0.10875 0.055
1 0.6575 0.37375 0.07375 0.025
1 0.55 0.28875 0.04 0.0175
0 0.463125 0.61875 0.0425 0.0775
0 0.545625 0.47 0.04625 0.0425
0 0.235625 0.45875 0.02125 0.03625
0 0.3075 0.4775 0.05 0.05625
0 0.34625 0.436875 0.02 0.04125
3 0.75 0.59125 0.0225 0.05
3 0.873125 0.636875 0.02375 0.0825
3 0.76 0.46125 0.0175 0.0425
3 0.864375 0.425625 0.01125 0.025
3 0.155 0.441875 0.01375 0.03125
4 0.13 0.444375 0.06 0.07
1 0.488125 0.49625 0.1075 0.04375
1 0.365 0.465625 0.0775 0.04375
4 0.4625 0.35 0.0375 0.05375