3 0.8275 0.471875 0.01875 0.04375
1 0.128125 0.469375 0.05625 0.05125
1 0.226875 0.42625 0.1125 0.0375
1 0.435625 0.545625 0.1025 0.08375
1 0.315 0.486875 0.105 0.05875
1 0.265 0.470625 0.115 0.05125
1 0.348125 0.42 0.0625 0.06
1 0.33625 0.360625 0.08 0.04875
1 0.568125 0.345 0.0275 0.02875
1 0.515625 0.42375 0.045 0.0525
1 0.285 0.54875 0.1075 0.05875
1 0.45625 0.454375 0.06125 0.04125
1 0.484375 0.350625 0.02875 0.05375
1 0.405 0.33375 0.0375 0.03125
1 0.869375 0.445 0.06125 0.0625
1 0.57875 0.445625 0.0475 0.0525
1 0.568125 0.404375 0.05375 0.03125
1 0.413125 0.43625 0.07 0.0425
1 0.41 0.49625 0.095 0.05125
1 0.66375 0.360625 0.08 0.02625
1 0.675625 0.3875 0.08125 0.0225
1 0.64 0.334375 0.04625 0.02125
1 0.490625 0.29625 0.02875 0.02125
1 0.419375 0.29375 0.025 0.01875
4 0.3275 0.59875 0.16 0.13625
4 0.711875 0.46625 0.17625 0.1075
1 0.40875 0.376875 0.04625 0.0425
1 0.4525 0.3825 0.035 0.0325
1 0.50875 0.476875 0.05375 0.06