1 0.06320833333333334 0.16246296296296298 0.057249999999999995 0.11677777777777779
1 0.91 0.6366111111111111 0.17999999999999997 0.23174074074074072
1 0.6892083333333333 0.33375925925925926 0.14700000000000013 0.17025925925925925
0 0.48713541666666665 0.3106111111111111 0.03447916666666669 0.13877777777777778
1 0.54234375 0.2532037037037037 0.07197916666666657 0.10916666666666665
1 0.39756250000000004 0.18837037037037035 0.06570833333333338 0.08324074074074073
1 0.5662916666666666 0.1467037037037037 0.09466666666666654 0.07029629629629632
1 0.4590208333333334 0.15874074074074074 0.06571875000000003 0.09066666666666669
1 0.31059375 0.16614814814814816 0.056322916666666716 0.09807407407407409
1 0.27778125000000004 0.08837037037037036 0.030270833333333278 0.05735185185185185
1 0.40589583333333334 0.1004074074074074 0.034281249999999965 0.05562962962962961