1 0.014375 0.508125 0.02875 0.04875
1 0.1825 0.40875 0.04375 0.0275
1 0.26625 0.41125 0.06875 0.02625
1 0.3675 0.42375 0.05875 0.0275
1 0.446875 0.44125 0.04625 0.0275
1 0.079375 0.421875 0.0525 0.03625
1 0.038125 0.54875 0.07625 0.0675
1 0.573125 0.448125 0.085 0.05875
1 0.490625 0.443125 0.06 0.04875
1 0.885 0.444375 0.05125 0.04
3 0.794375 0.465 0.0125 0.04625
3 0.485625 0.404375 0.01125 0.02875
3 0.005625 0.701875 0.01125 0.05125
1 0.05375 0.84125 0.1075 0.13
3 0.005 0.689375 0.01 0.06125
3 0.073125 0.611875 0.02 0.05375
1 0.116875 0.419375 0.04875 0.02875
1 0.0775 0.471875 0.05 0.035
3 0.805625 0.46375 0.01125 0.035
2 0.394375 0.465625 0.0325 0.04
2 0.369375 0.47125 0.0275 0.03625
1 0.350625 0.52625 0.1 0.05125
1 0.495 0.691875 0.14375 0.0875
1 0.178125 0.608125 0.10875 0.085
3 0.468125 0.41625 0.0125 0.02625
3 0.444375 0.414375 0.01875 0.0275