1 0.836875 0.4775 0.0875 0.03375
1 0.646875 0.619375 0.1275 0.08875
1 0.710625 0.490625 0.0825 0.0375
1 0.5975 0.466875 0.0775 0.04
1 0.703125 0.47 0.07625 0.03
1 0.351875 0.45625 0.0625 0.04625
1 0.3075 0.47 0.05375 0.04125
1 0.269375 0.40875 0.04625 0.035
1 0.16 0.3425 0.03125 0.02625
1 0.084375 0.35125 0.0325 0.02875
1 0.078125 0.306875 0.0275 0.02
1 0.06625 0.2875 0.02625 0.01875
1 0.044375 0.27625 0.02125 0.015
1 0.02 0.2625 0.0225 0.015
1 0.005 0.246875 0.01 0.01625
1 0.00375 0.23875 0.0075 0.01
1 0.050625 0.26125 0.0175 0.01375
1 0.035 0.255 0.01375 0.01125