2 0.625 0.658125 0.02 0.0575
2 0.605625 0.6975 0.0325 0.0725
0 0.50125 0.625625 0.03875 0.06125
3 0.888125 0.851875 0.045 0.09
3 0.954375 0.816875 0.045 0.075
3 0.2625 0.69875 0.025 0.08125
3 0.216875 0.7175 0.03 0.07875
3 0.126875 0.7 0.02625 0.07625
3 0.165 0.708125 0.02375 0.075
3 0.1925 0.70625 0.025 0.07375
3 0.39375 0.563125 0.0175 0.04625
3 0.34875 0.5425 0.01875 0.04
3 0.690625 0.611875 0.02 0.0525
3 0.7125 0.60875 0.02375 0.0575
3 0.69125 0.551875 0.0125 0.05
3 0.673125 0.55125 0.02375 0.0475
3 0.585625 0.5125 0.01625 0.04125
3 0.55125 0.508125 0.01125 0.04
3 0.539375 0.513125 0.015 0.04125
3 0.623125 0.46875 0.01 0.02875
3 0.6075 0.458125 0.00875 0.03
3 0.596875 0.45875 0.01375 0.02875
1 0.5025 0.434375 0.0325 0.02375
1 0.38 0.41125 0.0275 0.01875