1 0.36625 0.423125 0.06125 0.03
1 0.08 0.424375 0.05375 0.03125
1 0.1175 0.416875 0.0475 0.0275
1 0.183125 0.405625 0.04875 0.02875
1 0.26625 0.4075 0.06875 0.02625
1 0.446875 0.44125 0.045 0.02875
1 0.490625 0.440625 0.06 0.04
1 0.84125 0.56625 0.07625 0.06125
4 0.6375 0.488125 0.36875 0.15125
1 0.840625 0.469375 0.05125 0.04625
1 0.941875 0.425625 0.0425 0.03375
3 0.99625 0.499375 0.0075 0.04375
3 0.005 0.558125 0.01 0.04625
3 0.004375 0.5525 0.00875 0.04
1 0.02625 0.55125 0.0525 0.055
1 0.893125 0.445 0.0525 0.0425
1 0.986875 0.399375 0.02625 0.02875
3 0.003125 0.5025 0.00625 0.025
3 0.003125 0.505 0.00625 0.03
1 0.0125 0.440625 0.025 0.02875
1 0.006875 0.38125 0.01375 0.03
3 0.353125 0.52625 0.01625 0.0475