1 0.36625 0.423125 0.06125 0.03
1 0.08 0.424375 0.05375 0.03125
1 0.1175 0.416875 0.0475 0.0275
1 0.183125 0.405625 0.04875 0.02875
1 0.26625 0.4075 0.06875 0.02625
1 0.77625 0.49625 0.06875 0.05625
4 0.495 0.4925 0.4275 0.125
1 0.8725 0.455 0.05875 0.04625
1 0.966875 0.41 0.0425 0.03375
3 0.99625 0.499375 0.0075 0.04375
3 0.005 0.586875 0.01 0.04625
3 0.004375 0.585 0.00875 0.04
1 0.02625 0.55125 0.0525 0.055
1 0.923125 0.431875 0.045 0.035
1 0.994375 0.3975 0.01125 0.025
3 0.004375 0.525625 0.00875 0.03375
3 0.003125 0.52875 0.00625 0.03
1 0.009375 0.47375 0.01875 0.035
1 0.006875 0.41625 0.01375 0.03
3 0.1525 0.604375 0.0275 0.05875
1 0.00625 0.38125 0.0125 0.02