0 0.4418229166666666 0.4393518518518518 0.058229166666666644 0.19650000000000004
0 0.6829479166666667 0.40324074074074073 0.046739583333333216 0.19092592592592597
0 0.5069270833333334 0.1642962962962963 0.02822916666666669 0.09437037037037038
0 0.96471875 0.7282962962962962 0.04776041666666657 0.26694444444444443
1 0.734 0.7042222222222222 0.21549999999999989 0.30398148148148146
1 0.5012083333333334 0.31803703703703706 0.09366666666666662 0.12422222222222219
1 0.32883333333333337 0.2597037037037037 0.07598958333333337 0.11124074074074072
1 0.39497916666666666 0.19855555555555554 0.05838541666666662 0.09990740740740739
1 0.07465625000000001 0.3180185185185185 0.08442708333333332 0.14988888888888888
1 0.05330208333333333 0.16892592592592592 0.050052083333333316 0.07770370370370372
1 0.11476041666666666 0.08929629629629629 0.04172916666666667 0.0591851851851852
4 0.3699375 0.10968518518518518 0.07488541666666665 0.15564814814814815