1 0.139375 0.46125 0.0475 0.04125
1 0.18375 0.415625 0.05125 0.0525
1 0.27875 0.451875 0.055 0.03875
1 0.3825 0.495625 0.09375 0.04125
1 0.45625 0.461875 0.08375 0.03625
1 0.643125 0.49875 0.09875 0.04125
1 0.771875 0.48625 0.07625 0.04375
1 0.664375 0.63875 0.12875 0.08625
1 0.084375 0.629375 0.16125 0.06375
1 0.0925 0.558125 0.155 0.06
1 0.8275 0.7425 0.14125 0.0975
1 0.909375 0.493125 0.07875 0.04375
1 0.95625 0.443125 0.07875 0.03875
1 0.039375 0.269375 0.0275 0.015
1 0.00375 0.249375 0.0075 0.01375
1 0.035 0.255 0.01375 0.01
1 0.05 0.26125 0.01625 0.01125
0 0.02375 0.54375 0.0475 0.04