1 0.571875 0.445625 0.08625 0.055
1 0.36875 0.423125 0.05875 0.03
4 0.02125 0.450625 0.0425 0.07375
1 0.303125 0.414375 0.06125 0.03625
1 0.061875 0.78625 0.12375 0.13
1 0.01375 0.50625 0.0275 0.045
1 0.08 0.424375 0.05375 0.03125
1 0.1175 0.416875 0.0475 0.0275
1 0.183125 0.405625 0.04875 0.02875
1 0.260625 0.411875 0.05875 0.02625
1 0.446875 0.44125 0.045 0.02875
1 0.490625 0.440625 0.06 0.04
1 0.52625 0.445 0.05625 0.045
1 0.8825 0.448125 0.05625 0.0375
4 0.946875 0.395625 0.10625 0.09375
0 0.060625 0.901875 0.10375 0.0925