1 0.1825 0.40875 0.04375 0.0275
1 0.26625 0.41125 0.06875 0.02625
1 0.3675 0.42375 0.05875 0.0275
1 0.446875 0.44125 0.04625 0.0275
1 0.079375 0.421875 0.0525 0.03625
1 0.573125 0.448125 0.085 0.05875
1 0.490625 0.443125 0.06 0.04875
1 0.885 0.444375 0.05125 0.04
1 0.1275 0.745 0.1425 0.1325
1 0.116875 0.419375 0.04875 0.02875
1 0.006875 0.4225 0.01375 0.0275
2 0.440625 0.4875 0.02125 0.04375
2 0.395625 0.49125 0.02125 0.045
1 0.770625 0.64625 0.16625 0.06625
0 0.004375 0.440625 0.00875 0.02875
0 0.004375 0.468125 0.00875 0.02875