1 0.860625 0.46125 0.0475 0.04125
1 0.81625 0.415625 0.05125 0.0525
1 0.72125 0.451875 0.055 0.03875
1 0.6175 0.495625 0.09375 0.04125
1 0.54375 0.461875 0.08375 0.03625
1 0.356875 0.49875 0.09875 0.04125
1 0.228125 0.48625 0.07625 0.04375
1 0.335625 0.63875 0.12875 0.08625
1 0.915625 0.629375 0.16125 0.06375
1 0.9075 0.558125 0.155 0.06
1 0.1725 0.7425 0.14125 0.0975
1 0.090625 0.493125 0.07875 0.04375
1 0.04375 0.443125 0.07875 0.03875
1 0.960625 0.269375 0.0275 0.015
1 0.99625 0.249375 0.0075 0.01375
1 0.965 0.255 0.01375 0.01
1 0.95 0.26125 0.01625 0.01125
0 0.97625 0.54375 0.0475 0.04