1 0.154375 0.39375 0.05 0.05625
1 0.2 0.3625 0.03 0.025
1 0.318125 0.4325 0.04375 0.04375
1 0.21 0.45 0.0575 0.04125
1 0.048125 0.31625 0.02625 0.01875
1 0.103125 0.31125 0.02625 0.02
1 0.078125 0.391875 0.03375 0.02625
1 0.84375 0.74 0.1875 0.12
1 0.758125 0.48125 0.0925 0.0475
1 0.676875 0.475625 0.07875 0.03
1 0.870625 0.4575 0.06875 0.0325
1 0.05 0.26125 0.01625 0.0125
1 0.035 0.255625 0.015 0.01125
1 0.02375 0.249375 0.01375 0.01
1 0.003125 0.23375 0.00625 0.01
0 0.028125 0.266875 0.01 0.01125