3 0.57490625 0.40831481481481485 0.022187499999999954 0.10770370370370365
3 0.5349687500000001 0.42477777777777775 0.026312499999999992 0.11575925925925924
3 0.5065625 0.4214814814814814 0.03208333333333328 0.10624074074074069
1 0.28708333333333336 0.7490555555555556 0.17133333333333337 0.21672222222222218
1 0.52334375 0.6692962962962963 0.12316666666666662 0.19172222222222218
1 0.4001041666666667 0.610962962962963 0.1246458333333333 0.16872222222222225
1 0.27614583333333337 0.47740740740740745 0.08674999999999997 0.10903703703703703
1 0.46027083333333335 0.5156666666666666 0.09765625 0.12849999999999998
1 0.6480312500000001 0.8903518518518518 0.16106250000000014 0.2192962962962962
1 0.4001041666666667 0.895537037037037 0.1888125 0.20892592592592601
0 0.7916770833333333 0.9396111111111111 0.08520833333333329 0.12075925925925933
4 0.42794791666666665 0.38537037037037036 0.1261145833333334 0.16053703703703703
4 0.71665625 0.45679629629629626 0.1412291666666666 0.31346296296296305