1 0.985 0.50125 0.03 0.05
1 0.8175 0.40875 0.04375 0.0275
1 0.73375 0.41125 0.06875 0.02625
1 0.6325 0.42375 0.05875 0.0275
1 0.553125 0.44125 0.04625 0.0275
1 0.920625 0.421875 0.0525 0.03625
1 0.9825 0.52875 0.035 0.055
1 0.956875 0.565 0.0825 0.06
1 0.426875 0.448125 0.085 0.05875
1 0.509375 0.443125 0.06 0.04875
1 0.115625 0.444375 0.05125 0.04
3 0.023125 0.496875 0.0175 0.04625
3 0.590625 0.406875 0.01125 0.02875
3 0.994375 0.701875 0.01125 0.05125
3 0.99 0.794375 0.02 0.06625
1 0.94625 0.90125 0.1075 0.095
3 0.995625 0.61625 0.00875 0.045
3 0.995 0.614375 0.01 0.05375
1 0.9925 0.49 0.015 0.04
1 0.883125 0.419375 0.04875 0.02875
1 0.9225 0.471875 0.05 0.035