0 0.4084895833333333 0.6810555555555555 0.0582395833333333 0.2132222222222222
0 0.27777083333333336 0.914425925925926 0.08846874999999997 0.14661111111111103
3 0.78346875 0.40322222222222226 0.025145833333333437 0.11651851851851855
3 0.1288854166666667 0.47455555555555556 0.01797916666666667 0.1037592592592592
3 0.0880625 0.5047037037037038 0.02471874999999999 0.11129629629629634
0 0.5445104166666667 0.2667592592592593 0.014447916666666553 0.0566296296296296
1 0.5447916666666667 0.42312962962962963 0.07209375000000004 0.10516666666666666
1 0.5492604166666666 0.6837407407407408 0.1256979166666667 0.19742592592592595
1 0.6148645833333333 0.3292962962962963 0.04810416666666673 0.09824074074074077
1 0.42334375 0.40624074074074074 0.07141666666666673 0.10118518518518516
1 0.6912187500000001 0.28455555555555556 0.041104166666666705 0.06961111111111107
1 0.07508333333333334 0.6448333333333333 0.09025000000000001 0.1755925925925927
1 0.5110312499999999 0.24901851851851853 0.02778124999999996 0.04759259259259257