0 0.31986458333333334 0.4743148148148148 0.033114583333333295 0.11998148148148141
0 0.3448333333333334 0.40927777777777774 0.025270833333333322 0.09014814814814816
4 0.17846875 0.43431481481481476 0.14277083333333335 0.22775925925925927
4 0.7204791666666667 0.5969259259259259 0.15605208333333329 0.38792592592592595
4 0.7215416666666666 0.28607407407407404 0.07515625000000009 0.15890740740740741
0 0.6216458333333333 0.33359259259259255 0.018895833333333438 0.08637037037037035
1 0.34976041666666663 0.6857222222222222 0.1434479166666667 0.19029629629629627
1 0.211875 0.5831666666666667 0.13784375 0.19527777777777786
1 0.5027604166666666 0.7101296296296297 0.13428125000000007 0.20155555555555563
1 0.44226041666666666 0.8408333333333333 0.18212500000000004 0.19785185185185192
1 0.4985416666666667 0.46744444444444444 0.07940625000000003 0.10892592592592591
1 0.5755833333333332 0.5737592592592592 0.10139583333333325 0.16374074074074066
1 0.6248125000000001 0.428037037037037 0.06461458333333331 0.1051666666666666
1 0.5576354166666667 0.39238888888888884 0.059708333333333266 0.08638888888888885
1 0.43522916666666667 0.41053703703703703 0.0667604166666667 0.08764814814814811
1 0.5027604166666666 0.3454814814814815 0.05127083333333336 0.07261111111111107
1 0.3866875 0.3498518518518518 0.04847916666666663 0.058851851851851905
1 0.27448958333333334 0.47744444444444445 0.07170833333333336 0.10642592592592598
1 0.12957291666666665 0.9121111111111111 0.20116666666666666 0.15527777777777782
1 0.6483854166666667 0.3586111111111111 0.052854166666666674 0.07622222222222227