1 0.163125 0.4775 0.0875 0.03375
1 0.353125 0.619375 0.1275 0.08875
1 0.289375 0.490625 0.0825 0.0375
1 0.4025 0.466875 0.0775 0.04
1 0.296875 0.47 0.07625 0.03
1 0.648125 0.45625 0.0625 0.04625
1 0.6925 0.47 0.05375 0.04125
1 0.730625 0.40875 0.04625 0.035
1 0.84 0.3425 0.03125 0.02625
1 0.915625 0.35125 0.0325 0.02875
1 0.921875 0.306875 0.0275 0.02
1 0.93375 0.2875 0.02625 0.01875
1 0.955625 0.27625 0.02125 0.015
1 0.98 0.2625 0.0225 0.015
1 0.995 0.246875 0.01 0.01625
1 0.99625 0.23875 0.0075 0.01
1 0.949375 0.26125 0.0175 0.01375
1 0.965 0.255 0.01375 0.01125