1 0.426875 0.448125 0.08625 0.05125
1 0.941875 0.92375 0.11625 0.05
1 0.543125 0.554375 0.10375 0.05875
1 0.6 0.753125 0.14875 0.0875
1 0.455 0.636875 0.09375 0.07
1 0.635 0.424375 0.0625 0.03125
3 0.775 0.4075 0.01125 0.025
1 0.91875 0.41875 0.04625 0.03
1 0.881875 0.41875 0.03875 0.03
1 0.956875 0.561875 0.08625 0.05875
1 0.9825 0.538125 0.035 0.05375
1 0.981875 0.499375 0.03625 0.05125
1 0.551875 0.44 0.0475 0.0275
1 0.510625 0.4425 0.0575 0.0375
1 0.47125 0.444375 0.06 0.03875
1 0.8175 0.4075 0.03875 0.03125
3 0.791875 0.40875 0.01125 0.0275