3 0.95875 0.484375 0.01375 0.0375
3 0.901875 0.473125 0.02125 0.03375
3 0.4575 0.438125 0.01625 0.0375
0 0.030625 0.76375 0.06125 0.08
1 0.00625 0.425 0.0125 0.025
1 0.0075 0.42 0.015 0.0275
1 0.01 0.443125 0.02 0.02625
1 0.016875 0.53375 0.03375 0.055
1 0.080625 0.423125 0.04875 0.03125
1 0.179375 0.404375 0.04375 0.025
1 0.118125 0.418125 0.04875 0.025
1 0.2675 0.410625 0.06875 0.03
1 0.398125 0.43125 0.06875 0.03
1 0.35875 0.42375 0.0475 0.0275
1 0.573125 0.448125 0.085 0.0525
1 0.528125 0.445625 0.06125 0.04
1 0.49 0.441875 0.0575 0.03625