0 0.07467708333333332 0.38562962962962966 0.06565625 0.12579629629629632
0 0.2595520833333333 0.37175925925925923 0.035354166666666666 0.15387037037037044
0 0.3288125 0.3736111111111111 0.04887499999999996 0.1427592592592593
0 0.37933333333333336 0.8042222222222222 0.0769895833333333 0.2817962962962962
0 0.8027291666666667 0.8931296296296297 0.08837499999999991 0.18549999999999991
0 0.5324479166666667 0.28840740740740745 0.02280208333333338 0.10940740740740738
0 0.5069270833333334 0.2698888888888889 0.02802083333333331 0.12049999999999998
3 0.4574479166666666 0.2504259259259259 0.018656249999999968 0.0779074074074074
1 0.4319270833333333 0.6236481481481481 0.16343749999999999 0.2169074074074074
1 0.5261875 0.8588703703703704 0.21445833333333328 0.24290740740740732
1 0.12569791666666666 0.8885000000000001 0.23222916666666665 0.18735185185185177
1 0.5715 0.47455555555555556 0.12799999999999995 0.1853888888888889
1 0.6506666666666666 0.3958333333333333 0.06757291666666679 0.11683333333333339
1 0.6964895833333333 0.19764814814814816 0.032156249999999886 0.057518518518518524
1 0.7355520833333333 0.2069074074074074 0.03763541666666678 0.05361111111111109
4 0.7553333333333333 0.5773518518518518 0.16651041666666658 0.48731481481481476
4 0.7933541666666667 0.33564814814814814 0.1425416666666666 0.2890740740740741