3 0.12675 0.5106666666666666 0.03849999999999999 0.1168703703703704
3 0.9516770833333333 0.7014259259259259 0.036281249999999925 0.2243518518518518
3 0.20513541666666668 0.46942592592592597 0.023093750000000017 0.10377777777777776
3 0.1804375 0.47309259259259256 0.024656250000000015 0.09968518518518515
3 0.15038541666666666 0.45918518518518514 0.023833333333333328 0.1011296296296296
3 0.7821770833333334 0.39844444444444443 0.019614583333333258 0.10551851851851855
1 0.29772916666666666 0.46722222222222226 0.0847291666666667 0.1198888888888889
1 0.37100000000000005 0.6582407407407407 0.13410416666666666 0.20618518518518525
1 0.641 0.6553148148148148 0.11430208333333335 0.18277777777777787
1 0.597375 0.3501296296296296 0.05175000000000007 0.07600000000000004
1 0.6788645833333333 0.3032962962962963 0.045156249999999905 0.06431481481481485
1 0.4491979166666667 0.3925740740740741 0.06494791666666669 0.09355555555555552
1 0.6303020833333334 0.2806111111111111 0.033635416666666626 0.060111111111111074
1 0.5120729166666667 0.24503703703703703 0.027541666666666725 0.04107407407407409