3 0.25069791666666663 0.5958518518518519 0.03014583333333333 0.1317037037037037
3 0.9152291666666666 0.6347592592592592 0.03419791666666659 0.18727777777777777
3 0.9459583333333333 0.6328703703703704 0.03142708333333341 0.20537037037037034
3 0.9605312500000001 0.4448888888888889 0.020645833333333266 0.1257777777777777
0 0.29548958333333336 0.4837777777777778 0.03235416666666661 0.1220555555555555
0 0.3517291666666667 0.42268518518518516 0.02595833333333329 0.11129629629629634
0 0.6616041666666667 0.4532407407407407 0.026947916666666554 0.1242592592592593
0 0.8027291666666667 0.46435185185185185 0.04463541666666657 0.13537037037037042
1 0.6751354166666667 0.7986666666666666 0.13735416666666656 0.23733333333333329
1 0.3048541666666667 0.7347777777777778 0.15929166666666664 0.2132407407407407
1 0.18923958333333332 0.6171296296296296 0.10722916666666667 0.17759259259259255
1 0.5720208333333333 0.5819444444444445 0.1019583333333332 0.14055555555555552
1 0.70534375 0.5606481481481481 0.09777083333333322 0.14981481481481476
1 0.48296875 0.4986111111111111 0.09260416666666664 0.1220555555555555
1 0.5787916666666667 0.368962962962963 0.05508333333333345 0.08135185185185187
1 0.6563958333333333 0.40414814814814815 0.062364583333333216 0.08874074074074077
1 0.07258333333333335 0.6365740740740741 0.08016666666666665 0.16831481481481478
1 0.21632291666666664 0.49583333333333335 0.09472916666666667 0.10575925925925929
1 0.40120833333333333 0.42916666666666664 0.06865624999999996 0.09462962962962967
4 0.6673229166666667 0.28655555555555556 0.05923958333333322 0.15014814814814811