3 0.008125 0.40875 0.01625 0.0675
1 0.21 0.431875 0.095 0.1375
1 0.115625 0.35875 0.0875 0.0975
1 0.171875 0.203125 0.0425 0.055
1 0.46875 0.42125 0.07625 0.09125
1 0.083125 0.19 0.0475 0.05
1 0.52875 0.83375 0.155 0.2325
1 0.43125 0.319375 0.0725 0.06625
1 0.38625 0.250625 0.0575 0.0575
1 0.3475 0.18 0.05125 0.05125
1 0.22375 0.155625 0.03875 0.0325
1 0.16375 0.12625 0.02625 0.02625
1 0.16125 0.099375 0.025 0.0275
1 0.21875 0.10875 0.02625 0.03
1 0.2575 0.071875 0.02125 0.02125
1 0.299375 0.135 0.03625 0.0375
1 0.27625 0.10875 0.035 0.035
1 0.203125 0.059375 0.0175 0.0175
1 0.215625 0.08125 0.03 0.02625
1 0.318125 0.156875 0.03875 0.035
1 0.05375 0.878125 0.1075 0.14375
0 0.19125 0.11125 0.0125 0.0325