3 0.991875 0.40875 0.01625 0.0675
1 0.79 0.431875 0.095 0.1375
1 0.884375 0.35875 0.0875 0.0975
1 0.828125 0.203125 0.0425 0.055
1 0.53125 0.42125 0.07625 0.09125
1 0.916875 0.19 0.0475 0.05
1 0.47125 0.83375 0.155 0.2325
1 0.56875 0.319375 0.0725 0.06625
1 0.61375 0.250625 0.0575 0.0575
1 0.6525 0.18 0.05125 0.05125
1 0.77625 0.155625 0.03875 0.0325
1 0.83625 0.12625 0.02625 0.02625
1 0.83875 0.099375 0.025 0.0275
1 0.78125 0.10875 0.02625 0.03
1 0.7425 0.071875 0.02125 0.02125
1 0.700625 0.135 0.03625 0.0375
1 0.72375 0.10875 0.035 0.035
1 0.796875 0.059375 0.0175 0.0175
1 0.784375 0.08125 0.03 0.02625
1 0.681875 0.156875 0.03875 0.035
1 0.94625 0.878125 0.1075 0.14375
0 0.80875 0.11125 0.0125 0.0325