1 0.40625 0.3 0.16 0.16
1 0.434375 0.139375 0.14125 0.15625
1 0.360625 0.059375 0.08375 0.01875
1 0.994375 0.571875 0.01125 0.06875
3 0.58875 0.27125 0.035 0.065
3 0.989375 0.7775 0.02125 0.0575
3 0.96 0.1575 0.035 0.065
3 0.959375 0.204375 0.03375 0.05875
3 0.99 0.76375 0.02 0.0575
3 0.015625 0.533125 0.02375 0.05875
3 0.0075 0.54375 0.015 0.0725
3 0.905625 0.126875 0.03875 0.06375
3 0.9925 0.098125 0.015 0.05875
3 0.991875 0.12625 0.01625 0.055
0 0.250625 0.5775 0.04375 0.115
3 0.986875 0.858125 0.02625 0.06125